649375540
-1658869632
-1090261148
-1713409846
-2088949486
-2117704427
-1256686734
1566874924
-1828870056
-22420847
2030691681
1156228345
1392133703
207682362
2020905731
1005277751
-1629454164
-977053041
-84630990
274360089
545820261
-36105864
-264324369
1899196236
-300353501
-1045251649
-1343135795
2097336975
-645629584
819715263
-1333763953
341113993
-149525005
-1543466662
-57519344
-145773098
218255091
1165657391
1900164707
-580466078
707724569
1242096908
37069882
-1554040582
1186927225
-734406495
1956263051
-1545099233
-1990010669
574850423
774043504
-1422373858
429031445
259378463
-213309106
1671948893
-1935589084
-1085457746
1050772793
-650787338
1114904795
-1144859800
1548343703
-638762615
-87939245
570146490
-1366768893
-1308538291
-1654309020
322369901
-1644973709
-1983192984
1940220524
1661372441
1175296924
-1833480063
-1110285234
-87761705
563283092
468185746
-1003859011
739140666
-439470151
-1861320190
-599964998
-334336642
-1667703087
-1691458830
-1057940646
-552738302
2136888946
-56858410
1933716685
427130867
1556374692
85717576
1360559259
1652329546
-1797900860
1771138584
1447716911
-1660932105
1055376298
28286375
-2039915879
1202648158
-2027549938
512108660
1149082255
-154725630
304788263
1546474743
480408756
1748864127
1898974100
-1741423955
-87800292
-1177863491
-1007909761
53608820
2111187727
645681762
1273693439
-1758264808
-1880271347
171050888
1386726334
-338568147
1980519186
877480368
-1643149861
-719891170
1984477979
2058668789
813262865
817566854
345644008
584566404
135370264
260542910
-699852798
-361612725
1882035275
731301558
-706608385
82741232
-1821835382
-1859732472
368999940
1066119428
-772544671
337789514
342743178
489595512
-899013015
-1049924445
1232877925
1043874639
-2028118802
-440754016
-325790718
-400475500
1144091090
-1916907704
-126112272
1194827918
1317387696
-380327059
840939681
-773189837
2120434755
-1350962876
500056944
2077148633
1569366025
1192956728
-744683035
-1907567565
-1799191517
-341450758
-2056232392
-1598521222
1672607871
1881994716
190271507
1494441194
-1528843208
1787238239
-1236303972
481542255
-647873988
104248586
169831602
1545508512
1919065135
778027132
1695890038
-1701201172
-1269954674
601824452
1549598476
397169426
783319319
-2114437136
92899234
707124438
-1904905624
-1908221469
639031472
-258219279
485551590
-255093652
1885204097
903449928
1189006560
1693991059
1994752499
-138706847
699599859
-68090571
-1150036614
1202044946
627640751
1532322514
1661062762
-1805088390
1941277562
1209868453
1391451765
1631868981
-1789285196
1660057332
1122074993
-66286901
831724571
1918110377
430723934
-1603577240
-1668789391
-190673374
1997800103
1195448786
1448441180
304552772
-673406296
38006678
1330224524
-765682986
1381048944
-2069594235
-718213342
-1315451637
-2030834745
1557083998
-1552147120
835635040
1475079794
1621701324
1793763900
-1409680472
438344629
270723730
794310697
-1131013020
-786721256
-655744252
1638615256
-160468392
988748142
-2069377608
-1830416596
-1202423974
-674472174
-120728963
-633325812
-841561492
300253811
1187246988
-2059745396
-165752563
1508551123
-863878915
-1005747378
659003851
-1691715765
1939525500
-1059099866
-570567651
1146750482
-1902401988
-751679748
-1988759185
931723262
902633515
1426282742
142263165
-116762807
-1814037402
1923194582
-1500042268
576934040
1147304430
861685152
1567797493
1876756793
-1609999716
-432917633
-1482552372
895948204
-1320740526
752208872
-1666579551
-431205276
495525747
-1897508353
-1694225827
-350998322
-670636652
-244150982
-1982181776
-838430062
697690995
-1980853180
-500779551
-513213160
-391070937
302047779
-1288407387
-1091591347
-2062652519
-1322706532
-899907531
910521254
1577801266
1954880213
-292476326
-1925554076
1106965461
1512001340
-1223467702
-145266662
-1450830577
645615527
919185144
1217143404
1958209933
247744700
1684197800
-2019437288
-2104522034
-95239789
-2014130239
-715369158
1192427032
-512382823
-766373658
1290877131
-1841569360
-406533449
-1233873849
100801642
-1964689084
-335472462
1517243443
802095455
-1486549588
-1192665388
37201649
-1792931876
1358156753
-5221684
1251102928
2026244484
984534765
673913810
1415807869
661510193
404873716
-1969374962
551843476
1577723122
-854031279
897378874
-1419328136
-2031594670
-532886059
1020493445
780656231
617921759
-1761161748
594750906
910413512
-1642125078
-890396143
100097953
-143130425
302546058
284098435
1059227045
89898531
1443686119
-57072584
-1702565194
528321606
-2047996492
437150482
1340480881
70366613
1570045437
507035472
-841459587
357536777
-2028215006
-455652538
1315933495
618688766
231462434
947273296
-1265896304
-163836341
-1327816931
1543370244
-859682250
1128017042
310178579
-1617668442
-1326836239
1441899224
-241472527
1716469472
1258071887
1255856983
983640270
1324221106
1098229636
-1354446446
-968356751
1253777831
-1894750838
-1736659542
-659103722
1645653065
-1479851888
1141520624
-1483743631
2034044118
-137571183
1687087034
1731095283
1357195058
1146932546
459318394
779254091
680264736
-1378057424
1103300620
-1185126097
854817708
-775305431
-1627141298
228874843
-1950575893
-2020048933
1609842165
-576439079
-1772257049
-2133459525
293787294
1570513283
-566325549
1859332392
1356148771
-104034618
1690847110
1413541583
-1200355280
-514138712
669035046
435981904
-2128604395
-693116149
-386116573
33533729
520075484
-633247438
1707333223
-196976717
1984106398
-2068103804
1184672203
228287186
1180477202
-1182476656
-1201113396
579694417
633534822
2129450577
-1664834434
-977910299
-216558254
2115234994
1379885760
-1384201903
1758352745
-163258796
-1684626512
1291404483
-2025834319
-704662643
627619937
-87151490
-1548046218
2077905844
-1945795381
-588503880
47544154
716771483
-1165328637
-357791036
912672177
335930972
-1469911637
-8766349
-720701685
-1749716136
770251179
537622968
800584977
-648745860
729573152
-1843020662
574749588
1800180166
187402644
887925518
196577762
-1170839801
-1420736656
69961716
63935836
971060458
-1552580434
-568670944
-117943995
-2003560908
732654802
1729731725
267001820
-1146677939
-2067708902
1273877358
1062207659
-2033607170
-735787021
-1751512171
693637153
-1516779653
-324837713
1744652056
-418124706
-643056988
1550038645
-93027791
800723790
1852356743
1809982328
-371095706
-1386836487
-879655639
278408555
134767081
-1433764584
2022980229
1938489396
-1620635071
-1495311638
-1735276587
-947670049
650209577
-231995832
1791467791
795844565
-1361761097
-1328092425
-1872338254
1117138253
591981504
-1415455939
-1740083775
-449520383
204088186
-211718474
-1230520305
938046501
-344614045
-1530201497
992119997
173900948
-730915998
1201763859
-1370334975
-1255816116
255582251
1077600973
-365846232
1727719452
-997887513
1205667534
-1446491683
-1583811173
-249511661
-1458990456
626483627
-437436324
-1961906777
767492858
1287714496
-452295073
2112969851
-130755258
175178995
652074953
1196949222
1743708032
-371671033
538342871
-1178537816
1315758792
1172160049
-2124598000
559304713
-42423654
1236453079
-233247046
1852798017
-1503244956
430459290
-338780786
-1992825318
1790927448
903790998
2146746798
-835010861
-854900605
-425359128
604768214
1460310343
-1594647778
1442111600
1312731090
-350469809
2116423460
-82169897
-1964284369
-1251119773
910718500
-1986412077
-2003335883
2046119559
492769879
-1967554391
1594880276
2087268964
-1570707467
-832801037
2134836060
1993077684
-458762301
-1676732253
1722890674
1674712291
-1750118672
-325019577
2066324416
-442867469
-1435656158
1738919053
-1555952531
1054160543
666982858
-1694078454
136510030
426959299
-1825755713
494769462
1562452827
1150527226
1706180106
-2080173893
2076663781
-1577425528
457302783
1168280558
-1329747769
1139602298
-1489158516
-1650797155
-815936293
1031510028
-418762539
-118032629
-908490320
-2099558326
1512735231
-1888519368
-639829127
-199980551
-1329900213
-8231324
617846855
-201121610
-1592772249
2006229462
-1767560582
-826218145
2088659456
2044190681
-2128380299
1599637427
-1885202789
987511815
1824044944
1933756980
-189742427
459611081
-1418624942
352053332
-334949688
-1316154595
1501399519
1277951696
1902222207
599576986
-386658641
-1011847594
-805468948
1840602032
2035371136
-896925587
-1217980440
892212276
-1728239219
378402453
1637714012
-1937024484
-1485145856
-1124702291
-324759346
-549798266
-1797156188
-808415340
557429566
9311998
-700436002
-1374817005
-1738788045
868151296
-240922659
820480506
-158196464
106439611
1328737552
-1164957304
-945426773
98277656
168623576
-1574561521
1027454239
39218937
1123020415
1437167320
-1754942495
-2114578491
589132391
-1229487293
-1925846767
-640341724
-286682490
2740275
1985676050
-1503730681
-1879101679
-608640344
-507471012
-166414102
654207095
229261996
1797507728
-999207843
-169598064
999978355
238184908
-2074558529
1072241942
820149693
-1957915328
-1707195827
863649875
-1591050625
625165313
841166426
785593628
-1364106303
-1714943715
-988530977
2061457661
1877718473
-1796255250
-1727174346
831821749
-979764615
1952953779
1165362978
1614730980
429476085
1042164316
-906920686
2053761282
230093704
-1859112284
-1923942234
-92062829
-755340344
-1131783835
-346725518
690730136
1399244023
1302498855
428983809
-1228573880
-1402505044
1755526905
-1421191396
1397778432
-1254993486
995429252
-398410933
711194487
-1667063505
1516440924
1496463515
-79487691
-1682955768
-428527207
888988321
49004869
2129014404
-648835162
-669187393
-1629932247
2019961903
-871552680
-983416667
775752717
2135577088
859480129
1051741978
1945158207
384576701
1462135878
-1214832388
2023090143
-219904610
-399939729
-439686523
-2122202414
-1311731920
-987512066
893678287
694983676
591559804
2011675074
-615089767
-2102645843
-352197016
-1024683092
-1517472437
-1690052261
656581468
-503984478
720973111
-393428334
1035924775
1841528979
-120130527
1709358376
2089562404
379471563
848922369
1591920820
2119124632
602035847
1903514630
1973068607
-1163344034
751993548
1155935710
-288328388
-2113513787
976571252
-594890956
1434765493
1543611065
768297352
810799738
977289159
408111904
1037012181
-2035301913
98680400
1409440646
-1398292807
-582802493
1371077350
333396731
-520937923
1479829218
-217797878
-589089221
763668840
440456045
1437253276
1090258959
348522450
1829463016
74735250
-1386413069
-1798960522
-644765073
1803461348
-857356551
437179596
749946434
1194079178
-1882680595
1955398423
-1753436796
-1913435607
-812075080
-2070781445
1588481855
1764148042
646688521
328469330
1560629675
1737505740
1614663217
1173158975
-128225105
396125660
-2081050034
1978366082
-687357784
-1254486366
-630207829
-704590067
1765955944
1419740926
502113639
-2058333224
1172909440
-1506712717
-1059397036
2018747121
-81489470
67159907
-1877741536
-1273528106
-1639040767
1309060988
-134678598
1861610502
1936042010
1118105458
-1858496018
451359701
260662840
-2075339026
-370384046
-1530058624
-2086900398
-1766411835
2068781669
515422336
1219731192
2098501485
-2101654540
-94662878
-1084276401
-1436664404
-953370177
568100951
1101056090
-59063663
-630354084
-379646520
-1113755782
233349544
-405372580
-1610960595
19031863
1188251752
-791725397
-1528719393
-1005085888
1904803312
52280380
1514769323
-699771728
-700771854
-723938587
882164968
-607568750
-501381393
532809607
-428555829
-1096842585
1838853028
-1878741647
1267908345
1968516198
-677226557
-2089553147
133080413
1064751171
1482932198
872650908
-1008828101
-725139148
1329337536
626733479
-1197091195
-857608592
-2053938795
-1213393898
-1187158419
1413282681
-1107010069
1275222524
-1420215749
-186231715
-1279056255
1712511347
927205215
759644727
1694634368
-1479919940
1594114249
-370260996
324211184
-1056344917
1336961400
-518574221
1912036973
2101782337
-1877115823
-1280975227
-1695133926
-559764326
929791281
-2016940874
1676650196
-1121513463
-241072315
1102465267
-903038038
391936897
-1177817960
1196924813
1572287117
965499702
-1658570003
-669982587
-1133297085
285644675
-353093170
-215914998
1806086561
-2098296562
-1771948571
-792953025
1060439289
-257914071
-2090455671
1558864704
1164742352
1492373627
336376475
2069287014
331831252
-1011720737
-1205496429
819190730
-1078062580
98258827
-53891627
-155470584
-1510306991
-1979276
-1274784951
1304715844
-182824196
1834830833
748838186
1032108146
1191806688
1304826270
267500060
1813648337
671677306
304284546
-1537608316
1112708279
1811034983
-1304674700
-915980780
-1934105452
-2072061419
-684192583
-1184448092
-451754192
-2055162435
-1883364622
1061974600
448789559
827475088
-854112460
-1165522786
-1095551753
-946374352
-411187592
-1360242841
-494067097
-1779873183
-332047307
1110393944
1022746474
-1669461504
-1203277749
-2083128782
12401493
1401665331
959106851
-1656674288
1280747694
-1874804767
1466712083
-1899863553
-1268853706
889382244
1893703174
1104606931
-634050518
929773693
641160795
-522596552
-1886142524
1114726536
89813518
1326164487
-843804920
-207117840
347049237
-1712174630
-633683268
982276068
-434806772
1946445794
-1308386121
-2146642614
-123224045
1906409463
443699294
-308223756
1224358134
1773259248
821994347
-567983855
-564157041
607908916
-1626974480
1510935013
1802005096
1610838929
-1453482853
-1812421700
506934948
907770955
-1743053765
-182141925
216428318
1552414840
-1612690045
715298361
825665490
-1329131638
-1029232116
1048735405
929091452
-1917643987
-2027258976
-2076187033
-194186882
-1764367021
-342996299
-1754027804
-1021791738
54799244
1581396278
-281230947
1231480943
-861412454
-1754294903
1524978880
-425460760
294071620
-236842547
-733106398
-935270829
491609450
-327644317
1575215475
228655470
-496390567
554811056
2073909938
-2045443528
-734518944
-1815133408
1405826531
587187853
1553884579
1639336813
-1392955649
-926426861
495966254
-1469733344
210924332
1979895641
-1773604531
-435371433
-569982930
-545921476
4436762
-246956855
652052252
1666809997
2112613718
809548039
952895062
1023634416
1311992444
-1783166204
-1698787658
-168423418
1100175891
-1785662249
68446213
1620110286
1477020739
832896190
1968244912
-981400248
1098207915
783556454
-562260806
232140635
-1952376207
-1319214487
949540852
1921796599
142807962
-143684841
-869322900
-710549378
1695578523
-1552286344
-1773201886
1122486879
-626765521
1804732305
1318865153
-182734332
1135849322
-1067705114
-1484343795
-1967544850
-443097587
-1010514368
-1665815848
540481565
-976228068
1054951856
1448277562
-1053036620
111976878
283397843
-1720061632
-488337187
1185579523
771883862
1775870820
1514274538
1692524251
-657226820
1440249342
-508068676
-64167419
1937869918
-2005193990
-1075359896
-737818059
-2080721229
-1036514613
1775666966
-93303782
1073333969
-1896186465
302641709
317681840
-555430605
-1289059372
1843175084
348816594
-1059708740
-825310806
-1552773670
2079911442
799831292
-2078862791
1135640098
758511820
-1727033167
554227108
-2033455305
-1405422727
-483694449
1910861454
898942079
70200128
834380355
1047962316
-540268115
-79520302
-1575107659
1056166748
1056087472
73495670
1136693901
2028879766
389105611
1513856098
-1297389575
-790509663
463534852
-692252595
339770540
-991239641
-2106356798
1455990593
-418811607
1073330508
648698801
-992969547
-1114794432
-35282213
-1974517783
-1962654246
-31082023
1061382082
1674782030
276768821
-2034664464
1930694336
-578283719
-1184635539
1200517087
-611770788
1969392727
1903128678
-1139700253
360090136
-947380783
813121422
-1878542120
1322893030
770706605
-641077131
-1290118073
325092059
1421621619
-675409757
-662608222
223452194
-466128365
2099519397
-1529076787
1222931250
-1999619579
1947082345
492747744
1060381763
-1389006670
-709869621
-778937813
-1345473539
-1926465006
1195609711
-2143141766
-1818207373
655281557
218930128
-250590567
-451797169
1750536007
741706905
2060428826
-1234557363
-1920723154
-1085532621
1265418837
-320503060
-2128966922
-1255587426
1561705647
-1159568285
1727262159
-2012084348
-171520737
-1713839406
-359380330
-1606608501
1049786094
2090326713
925752370
719023338
-1758101059
1588562861
948721728
713447999
-1258094900
1314582088
1268236274
1892640414
-902504840
-573311647
1706613556
1742408173
410114565
1326329468
-496516592
129042030
-1490963043
1016493444
667883602
-897440356
-667607400
1661841335
-1527455889
-959680965
1150724606
463454688
-410778974
1933846442
1758377801
540489164
-1419771561
-1074184581
45890414
423707382
1960729548
-1214915003
-1629439970
-237162876
102213110
1812747448
1188946761
-309512586
2054972577
-1999138319
-542653725
1496218652
402135258
324196878
-455720727
-2090819127
-1532027504
216169477
1806531494
1977421765
-502645896
1274061233
-735816142
-322366329
1804408625
-983659219
749014331
-234007517
-1071456855
154916709
-155462649
-1267713279
1902039742
412779497
-610026055
64513999
-68901337
1081081348
-1478330670
-654884680
1896264341
-337620211
153588474
1978345429
166103829
-1739440644
-2119404800
-1301544221
-901350728
1149229119
-1935800545
-1878259146
989911668
-224328754
1206514051
490869486
-737910452
-1844845955
626838794
1200736359
704828079
-546771312
798465102
-1988523787
1056026397
1500874900
-1556175645
1460984273
877841168
865668716
-903595299
-136468915
-46862311
1982451626
-1051311980
-1142571441
-633672632
225473311
-1273143638
-2105194500
1442427857
187015604
-110544819
-1626203981
-102467349
-1969288581
-954916935
-922801860
101178875
-1950346240
-81457408
-553477823
1984144881
1429458661
-153949939
2077488636
-1866168590
-121963091
507528933
1174124593
24511287
-172866089
841045296
1313353055
792620084
-1952326098
452560376
-116703183
1884648444
-1981198753
-1748297041
-930622406
489156835
-1884351540
-1868117386
-768825118
859944804
426065823
278464668
-811206758
1575005765
347169313
1715908452
665731415
1315078393
1100437323
-412937461
1008336700
1978700868
2108410013
-582631160
-98489703
1910776101
1561098286
1216769941
-2103128044
-6907409
-1440110332
1122623854
-1587666395
-1594835528
-1706215259
-1437417000
1187495623
1934425591
-1635697171
-1995064092
-664200085
745020008
-1337900766
4216820
-1455992272
-144369869
478044485
-1286189442
2000531281
-1533546164
-13632854
1124169487
1207162335
-1944275684
-1825594678
-244550509
1087261871
-881403039
-155677352
1203812307
821148821
1942949970
701476497
1959040318
-356496175
2133051653
-1973735720
421425899
2071712457
1227049749
1862599553
-1970384162
-340866824
179047039
1466810604
79641993
-675725018
-816152116
1660025302
1214664854
-1409399335
1230628981
-527056917
1484617187
654401291
723479426
667883934
633603789
1821060636
-1894921101
-333348547
1519378353
451368201
-596014492
-1576419009
815638448
-1782768418
1449392491
-1545944608
1614237873
-332951703
-2067403708
-1239344145
670307243
684259375
1269355568
-1909685018
113601828
1977680036
1037531929
-1615108037
-1422336524
-1137976427
1776139258
-642366987
2064544846
1690579944
161537405
313364097
-641703680
-1012346232
-2058325275
-1113168955
1805131001
-1256050790
-1408637139
1945044853
833741580
-481074444
-846784911
-495577434
-1172864526
1845831630
315791757
2108953248
975686293
-1267669062
-2038257661
-538941705
1091575435
1656553681
1235596322
254295260
-2005802272
-1304773842
2006590819
-567365712
178641688
-947281504
-625158891
-1115474215
-55857037
-70569574
1416638781
1379162329
636758386
-1857218962
1723345335
-109970532
-1508321894
935289786
-1295692896
-1668028912
-528731785
-345013470
814460663
1091454715
-1678145821
760727871
-165111167
237458696
-1988358777
-1973492266
1420034542
-471966686
1003032482
-1776180404
-121028039
1957022724
222369545
1146399065
1688518740
1402412048
-1441241490
1114846972
518671875
-606037920
-1496890652
625674158
727873799
-644191205
662098338
-364587046
-256169857
-1590592247
-1640526330
642530443
1861889163
-831787928
-954557475
-349126041
1284940850
1341411583
-1961395743
-880441381
-1591190139
496369268
1497094274
-1012676969
-1041591292
-14291494
-650405655
801636413
-1874742977
-172418162
-413976519
1384694356
-1421216832
293760578
1607412503
1868641666
1433346088
29326170
-189862548
-1040651270
745250967
1253882998
-1308439959
-143285454
-284182959
1835993679
-770727733
-1967461159
1326948765
631861446
1899243359
-96013560
811721712
1154723898
-1220577848
765119415
407175243
947322905
1352717696
739250034
-237609503
1933305529
30744348
384083787
-1796591365
1028471400
-1426708525
-144636398
-1213297120
-1010720831
-325778624
-1618198333
-1941828752
116267329
-2108678810
-1960527297
1455985744
-895910887
1327657205
1187731007
-1148759221
1110564421
-2089198133
2142922629
2042287671
-1952296483
2045961149
239127891
1030279318
1719173546
763250070
1405940768
1252073535
133104379
246765663
1507503497
95942718
-1603637063
-1897594144
-1395518587
-264415753
-1723554887
-912281241
-736826659
672408721
-744317871
572309959
442185946
-11685232
667349293
-1940640861
-1638465473
-158048828
152819554
854976748
379738489
2067437921
-749922365
-1622089049
-2072356331
-474893713
-1048869517
-550148621
570195825
-2088896924
-1625765444
186344778
29593782
2029264910
-1416390370
882182662
572271621
1432759990
199861673
513432103
-1529318673
-1574696062
817226382
650311251
-1588753877
-602496741
1369894131
-1269877731
-948117374
50481550
565358087
405936265
622227725
-1561872777
387549783
-1939736881
-1642040157
197703516
-1868778913
2026747743
-1763428724
-1601666474
460351586
498141989
1518796921
116744949
-1934864515
-1914564850
-1531883080
-75238555
1116280825
-1806228535
2081805731
1763853260
115088609
-825492014
315411801
-1693740042
-633944364
1348022699
1871700144
1105953588
-1625765860
1648476268
858622569
287955584
-1140750850
460220542
1330287525
-886680347
2065580883
809942691
435901080
767429149
605544535
2031375160
-333078404
-1175822469
-1856224320
-1390647362
-1304970553
1407427339
-1284718318
-396298090
1188004767
590329079
58462257
-104718581
-2001676915
2108121900
406563383
-1421537386
1210113649
2080594748
1029808007
920008796
-22563403
-1272195451
1164786466
-1422900229
-694640187
2073322643
-1899886791
-286653307
-1730887490
-1533052990
-157939966
1598655180
1581451365
1805359144
-559334962
1301999071
1253298522
-458858319
2072623963
749569749
2140496268
-1042306422
-376892058
1895998664
-247322129
1796836034
1807521413
-1788543708
-519525524
-1277688273
866894386
-2091885535
-1416087783
-1136812146
-286446038
-1358603891
243072426
-743431187
2065916152
1922897358
1661542950
1255364941
-1110407732
-970112217
-391134243
-1406307454
-40826480
223149882
-1615711336
-1717341346
-625314500
-934330163
1716439058
-1086729202
1465719145
26205648
-1180432985
-1150801213
1199333156
159149470
1332874571
1091869844
456839685
-1093497981
-1844476227
-382316894
-1426835585
1075920254
730233339
1751921789
-2112796808
-2144107705
1126222840
164094149
-301606373
484856211
-789359988
836910100
-1130127635
-682852971
-1603161173
776619547
1425584414
-1188602680
-452688935
62670090
-2121097951
-421323541
-180463651
999425845
2138286974
850532429
568573364
-1262281996
1804698854
491956810
684019912
819339466
110199687
801064981
1739218273
395484104
-1662499422
-1497308745
1417529179
-1084955597
633820505
-1302868138
1960192025
1373380708
-425920051
-9449798
-485664839
813983727
-124287640
-1768434419
-1582639736
-178424569
1658762614
113162465
-2111323208
-357529568
1548416762
1401026679
558525008
109994454
193701055
-1280565186
-1933413021
1042839309
1915392685
441750937
445538948
-616119464
1458338397
334154213
373674361
-2023891554
334699758
1016273338
1642834989
31404795
1308569113
-1898193808
1789286891
479693795
1232952450
-717920284
-1125420599
797851533
-521467055
2113932411
-1433427871
-266749554
-204173055
229592422
1594012871
-1962658365
2004356983
212982055
638257334
1239799412
1865759062
-71170476
-1093486580
-2037942091
-593258351
-113583973
994859896
2121526031
-491902399
21615109
-98813327
-485266848
-1381211209
1100354686
-896653207
302483711
1365112021
-881223788
-1108377278
1681646627
1714412441
-26118529
-1020790528
1250052996
1183227130
-1959355807
266547904
852967234
-63785225
-1354742578
-381136151
-875173882
586260460
-997835123
1683751072
-357503642
-1070667994
40939168
-1224963455
2105003662
-1486992710
524279169
623846027
-708402917
-561981806
-1256822610
644900187
-1585948086
1425301704
-143349145
724148380
-439220655
1892546358
2107398582
1183812797
-1205890548
-1577774515
138389167
-1270452763
-1826551076
-2025938651
357521145
-1233989597
-2060355380
-836484394
1877976716
261968618
-436291852
-224050939
1557393595
-2025637957
1312550434
1470373825
2025678197
-1890277340
-1775331914
-504572273
1205423815
-1887639832
865083085
-1371732285
92252836
1344266367
1513926048
-1771519215
-1264902936
-306458944
1472824622
-934560669
1041202586
219472860
916719897
-1948260372
-1811642511
1417425038
1678014925
-1445989764
458123929
-2048771696
-619852057
1919751445
-813283402
-1149702064
-651799597
-1017831745
-1090463959
-189791517
-500503881
1099876248
703709329
1049737017
-1999038065
1269801262
401499796
-1338653294
384451992
2097166353
-253023522
1164109361
-2095267598
1556626082
788164201
1573848654
-1207071104
2100672817
-1262169601
-1980147632
-1081081838
-1460677817
-1641645316
110670651
291410630
781608511
1691705432
944502119
-875385430
326471963
514909157
-102670734
-1475926362
1137516948
513489876
728044663
-761024103
1417231986
-809406339
-1502197633
-1513251391
1221255966
-1237388706
1080405559
1637647711
355729525
-749335452
2073508579
624415642
1565808350
2135340649
-758358126
1840006307
-1624154722
593595390
1905996435
2128004121
-1623930006
613215081
-1196803033
951340463
1311937597
223248625
294640247
-1103318004
1970303083
1858847320
-2135985976
-454528526
1907769590
-1772609880
-1302473236
-211818079
-15735520
-1320163790
1194964475
-1261128067
811488577
661335763
691788611
728495342
-513861926
883177593
852398716
824878215
1286495721
1132533221
1517985343
2051246186
-1833341058
1598594481
-1951699527
-1346885143
1608259982
-1213798507
-286029157
-1540038288
138236934
-1933190683
1834316372
19532195
1017929507
-1474131107
-240890238
-1516060477
1577120512
2075163937
1146306725
1568398421
-1315548048
443019518
1078015253
-1935412475
-1432198387
-76750859
-1518702282
20422855
-827919216
533746938
-2000138007
-690263746
-1337126557
180760568
-1887770811
1340529761
685696628
-1857710823
90142342
-871702180
-2037481396
-391476157
-762186939
-1168684109
1376035679
1616090341
1191642857
471998125
-1449896539
-1331809806
764364125
429204207
-517673623
-565071315
652970498
1573696102
346929504
-55068505
-1433030681
-1447240086
-180644356
-23705211
1700796727
-390048737
791282690
-1355325689
-381568526
1376166687
280925274
-2065282363
-1798596128
-313669035
1542372645
1980458810
1327497665
1907175211
-1979356140
1167252870
-1374500919
-1728683289
-312546825
-757890193
-1969393846
-74294702
-1849236588
418846120
323555251
-1912079462
409840570
1916097110
1876637368
1153640057
-30995819
-397953073
-726517294
-226387307
1123429954
1704192932
-99570966
-1942134742
-1643147099
1172770273
-1017191344
-524118299
-1296898438
1652325523
660922353
-325529837
-708023382
1471073161
1005440457
314986746
862855391
-2091256737
2020220310
443938439
-1423520166
1977746104
-1690570803
921598761
-1002053629
625066186
396698065
215246331
880307905
-977721314
-32675486
2073948712
-1122170100
1726716568
281686867
1857198474
-1821303617
1119496117
1140406655
-2061097580
647228466
2099667476
-1969617923
-2087097742
1099475080
508463415
1294059922
801706094
807534404
-1990456438
-1450679449
-84602987
2035751202
424256675
293881851
902939034
-919924700
-554263606
-1667841702
140357113
-179490070
2136008380
2145964687
268792927
1663674694
-1397214036
1493991510
-114198200
294080015
-1202182774
163410198
753875178
-867642827
-816303738
-1258874867
1780638801
-1682670314
-123468585
1617289164
-372757302
-486072817
720851895
-476313626
832135557
1095500628
1946446514
801778148
-1912716427
-1665332732
1228734240
-767125125
236008315
-1718936713
-1657207824
-1859251200
-392454462
2048961498
573540006
-2028244197
701156716
1039470078
1722931366
-2003085637
353400685
237023340
-434534222
1859910217
-1887616073
1095735228
773714096
510175519
1528927639
-1397708250
1460558768
2042857019
-1109177250
-1705664423
-126220242
-1918395601
335370563
-1335840885
-1059091821
48783964
-1572319352
-996523823
-393128959
-1887223713
-54963494
114969008
-426417840
-1060462390
1685522429
-279569933
1713526354
47819286
1689938856
-576933186
1287424350
1761262808
-1733577811
-1894188318
1075430156
244986419
885628509
1502766195
538621500
1140985229
-1637100503
211408792
815101021
1689425285
-505987188
1029306017
-1734581781
-1443428316
761626408
-1742794914
-1918800071
2056576594
-55650769
1130122670
546150768
1130844810
1404583684
-566688938
-1646200873
1671438033
907904033
-1173743341
-1200629420
-176052765
1934197562
2009660657
-57297358
2029386672
1565327010
-1579507235
134150692
-1817607930
503750894
1955488889
-1263080823
562497166
341120727
635824431
1295461616
-874599684
188113764
1286883208
1057665503
-597694334
-1253715384
-919333186
-496105520
1185056133
-1036243832
-619106417
1534286459
646012050
673977185
203175764
1691394650
-1639633005
24028519
-1085585327
-773666710
-187893187
953340401
-1639167155
-1663516114
-1530628148
1508114100
-1418537371
-2086278664
1104203762
1363338157
1800709405
713758571
1789304588
-212483772
-1348141641
-637912005
-1636053610
1547916462
-254765113
-1617917642
-1669666079
-310497646
-1990666233
-1960878200
-872087806
-111390737
1451652455
561812026
401213453
1586573628
1526258536
-480855045
613389955
438212560
-1306993238
-422400733
209730824
-2135761532
-188051261
998454772
-11155623
-1766748522
-1188864943
-509816542
-1751421828
982352335
94804562
190509717
1281650744
1172950760
-438544462
-1297809812
-1910052921
-781629654
523962917
291318853
1529976266
-1419094957
-1147777226
-1868309829
302977404
1030185408
1993476256
1593710383
513256746
1553085384
1773824476
653680075
-1533620254
1254281573
-1328100613
-1279601212
1207940714
-751246311
-2062134091
-1884516898
-1577529485
1832432142
-762127935
1980202293
1120151310
-2089085313
-258510490
1963150393
1979618655
-319153065
-1428314287
-985060870
1880532111
-1340465385
1473074345
379269541
1685545479
-557214212
-1615301024
-1806818227
49450714
-1490031264
-825387828
1727953647
1941496706
723915360
-737111947
2012615855
-2098832690
-952527682
1146284080
-1236794008
-493635557
-1029340407
102878316
-637777821
1270725825
-356883205
1949406155
1727880037
-1771716400
-2033631
1546872052
-1944713746
1465295612
-1627811135
-243586649
-93466432
422855637
563368183
-1834410223
1272377758
1043005498
-660836320
-1326737567
1512615765
318234383
-1177322372
-1549614950
-1542618625
-1571199443
-1356909298
897156266
-1537444986
-1534834022
-378058297
228841148
-1131838361
674656249
107894755
572785098
-382658376
-1380586684
1092864145
1409141877
360624491
-1229914953
-199068199
2102887960
930051540
-741395185
730479034
821448986
-537570968
-116180492
471911314
1669611139
252160454
271572403
-691499070
920915665
-1594167045
48922159
916602257
1069526028
-800548863
-1429217511
-1391952048
1253814552
293938569
-2044726434
1877143743
-494169527
114980090
-953660959
-1900011601
2009545532
-1187487304
1116475754
1476162280
-132368924
2144232105
359917533
724966220
427929315
-1769678348
898558126
-1481870532
1891101466
-229303029
-848187756
103510073
1037107843
1120631019
-1753793412
889850574
1728705597
-1561413982
-753729088
-204685138
1863870440
1702683665
-473797224
292263192
-243093454
-786078477
-926956080
374158210
-891493710
-177958883
8336571
-268494731
354359540
-265986809
-568704409
-1295194954
1727409876
-1148066422
408759569
-1562952026
-1053715953
-1564229653
1567413467
-2056460821
-1937377514
-946768617
-499962181
-1301357234
1426458406
868652848
1428910774
-1766666522
1026513812
149437512
-536446642
-773517706
-1317315987
-880811669
1043528761
-157426157
-867645378
235076066
-1763922349
947116298
1105994543
-200429898
716201684
739223807
318905174
-49573261
-538797115
-1226610343
-1191134135
366038317
-589723729
-1721082659
-340190219
928416967
984733334
-1241785959
2000986797
1978631538
534914597
-1853452542
771113093
-1134924172
2009015594
691505760
-1298586655
-387193046
-522830269
1516412266
1506526536
1298374735
691780057
-415757524
2128567421
-609147522
-800814258
-449994960
2123436752
-2022325515
133381490
-943746339
-915175759
-1919384677
-924667334
-1785731815
-1372294011
-1525839036
-521098829
1563494454
844339388
1447186738
-761969613
206768650
2073894691
1572110046
-1342966830
500734559
1863005046
-1705937160
1552257304
-1949592690
-1747482823
1704511661
1107461879
1467935077
-1933647673
-1571024089
875514363
916857425
-1626994774
1671109977
446467775
1443413689
-135224787
-542956036
-762317918
469381799
-1957701584
-796610604
1566642619
-1138403923
-1445474502
1248022071
-740153079
-1111200506
289952724
374814159
757783535
726479866
1013335060
1842386334
-779178530
-2127919481
1586007927
1927871554
1223702867
-23883203
-279650316
1712278906
1631408388
1110094185
1349861453
-1791030296
-1376812971
168580213
-640592985
-1933837544
-1355833583
379100558
1047196253
-1453892160
-1376621483
113808007
-1649983472
-791391159
89089231
646580477
-540373246
